# Created by Octave 4.4.0, Tue Sep 04 22:57:33 2018 GMT <unknown@Chris-PC>
# name: gh
# type: matrix
# rows: 10
# columns: 1
 399900
 329900
 369000
 232000
 539900
 299900
 314900
 198999
 212000
 242500


